[[-0.04967792 -0.01645955 -1.24315119  4.          1.08793759  0.
   0.          0.        ]][[-0.03271595  0.07063829 -1.24315119  3.94114041  1.08793759  0.
  -0.98100001  0.        ]]
[[ 0.03708775 -0.00512477 -1.24315119  3.7841804   1.08793759  0.
  -1.96200001  0.        ]]
[[ 0.02917171  0.05499786 -1.24315119  3.52912068  1.08793759  0.
  -2.9429996   0.        ]]
[[ 0.01896239  0.1253314  -1.24315119  3.17596078  1.08793759  0.
  -3.92399907  0.        ]]
[[ 0.01228247  0.18838462 -1.24315119  2.72470069  1.08793759  0.
  -4.90499878  0.        ]]
[[-0.0511188   0.1203162  -1.24315119  2.17534089  1.08793759  0.
  -5.88599825  0.        ]]
[[-0.10977233  0.11695263 -1.24315119  1.52788115  1.08793759  0.
  -6.86699772  0.        ]]
[[-0.02165633  0.03156457 -1.24315119  0.78232145  1.08793759  0.
  -7.84799719  0.        ]]
[[-0.00823304 -0.05545317 -1.22551489  0.73386168  1.07668567  0.1936812
  -0.00894626 -0.05468709]]
[[ 0.00678074 -0.14201358 -1.20723748  0.89378738  1.02806044  0.18786182
  -0.05178073 -0.18933474]]
[[ 0.03952249 -0.09941394 -1.18845129  0.82974935  1.00912714  0.18786182
  -1.03278077 -0.18933474]]
[[ 0.1279282  -0.18306834 -1.17758608  0.70668459  0.97946548 -0.14154936
  -0.28784156 -0.63582051]]
[[ 0.08217776 -0.18308052 -1.21946168  0.76043701  0.86875296 -0.27034485
  -0.38053188 -0.8563692 ]]
[[-0.00368999 -0.17222767 -1.26069617  0.89087319  0.70720005 -0.31033862
  -0.38769698 -1.08034432]]
[[ 0.08225687 -0.18423541 -1.29172993  0.79324341  0.59916544 -0.31033862
  -1.36869705 -1.08034432]]
[[ 0.15238336 -0.13466765 -1.32276368  0.59751368  0.49113131 -0.31033862
  -2.34969687 -1.08034432]]
[[ 0.18982878 -0.17369908 -1.35379744  0.303684    0.38309669 -0.31033862
  -3.33069634 -1.08034432]]
[[ 0.1279849  -0.1831319  -1.48387599  0.29738808  0.16788197 -1.04081392
  -1.01169586 -1.82951903]]
[[ 0.15746224 -0.09677458 -1.58795762  0.13735843 -0.01506996 -1.04081392
  -1.99269593 -1.82951903]]
[[ 0.23140757 -0.00766409 -1.69203925 -0.12077117 -0.19802189 -1.04081392
  -2.97369552 -1.82951903]]
[[ 0.14935724 -0.07329604 -1.93602288 -0.05043244 -0.40253258 -1.93201458
  -0.87782782 -1.9007405 ]]
[[ 0.15880696 -0.09355836 -2.14032388 -0.18381786 -0.60149384 -2.0398252
  -1.73636031 -1.98822618]]
[[ 0.1994255  -0.13476053 -2.34430647 -0.41631389 -0.80031681 -2.0398252
  -2.71736002 -1.98822618]]
[[ 0.26614675 -0.12244119 -2.54828906 -0.74690986 -0.99913931 -2.0398252
  -3.69835949 -1.98822618]]
[[ 0.2564095  -0.15308012 -2.75227165 -1.17560565 -1.19796181 -2.0398252
  -4.67935896 -1.98822618]]
[[ 0.17306779 -0.17440444 -2.95625424 -1.7024014  -1.39678431 -2.0398252
  -5.66035843 -1.98822618]]
[[-0.00978467  0.04241566 -0.84683919  4.          0.51356268  0.
   0.          0.        ]]
[[ 0.05896633  0.00696113 -1.38330817  4.         -1.01171494  0.
   0.          0.        ]][[-0.01920505 -0.07117686 -1.38330817  3.94114041 -1.01171494  0.
  -0.98100001  0.        ]]
[[ 0.01649124 -0.15788712 -1.38330817  3.7841804  -1.01171494  0.
  -1.96200001  0.        ]]
[[ 0.10238425 -0.13203777 -1.38330817  3.52912068 -1.01171494  0.
  -2.9429996   0.        ]]
[[ 0.01469921 -0.04637875 -1.38330817  3.17596078 -1.01171494  0.
  -3.92399907  0.        ]]
[[ 0.03344895 -0.10180201 -1.38330817  2.72470069 -1.01171494  0.
  -4.90499878  0.        ]]
[[-0.04051103 -0.01530923 -1.38330817  2.17534089 -1.01171494  0.
  -5.88599825  0.        ]]
[[-0.01274987  0.00841621 -1.38330817  1.52788115 -1.01171494  0.
  -6.86699772  0.        ]]
[[ 0.04106642  0.03474442 -1.38330817  0.78232145 -1.01171494  0.
  -7.84799719  0.        ]]
[[ 0.11635068  0.02636512 -1.46119666  0.31620097 -1.02121067 -1.74522483
  -0.10848545 -0.2727893 ]]
[[ 0.19910543  0.04733275 -1.63571906  0.24649262 -1.04848909 -1.74522483
  -1.08948541 -0.2727893 ]]
[[ 0.11302808 -0.03863171 -1.81756151  0.11113811 -1.07817459 -2.09593368
  -0.51400107 -0.38765854]]
[[ 0.03806999 -0.02299003 -2.06417561  0.37581062 -1.13695526 -2.10029745
  -0.17964502 -0.43427753]]
[[-0.03090228 -0.0522275  -2.2770009   0.61132812 -1.20506811 -2.13220811
   0.08133699 -0.52186644]]
[[ 0.05516006 -0.1313072  -2.49022174  0.56060195 -1.25725508 -2.13220811
  -0.89966303 -0.52186644]]
[[ 0.09595526 -0.19200635 -2.70344257  0.41177559 -1.30944204 -2.13220811
  -1.88066304 -0.52186644]]
[[ 0.01058312 -0.23905638 -2.91666317  0.16484928 -1.36162853 -2.13220811
  -2.86166263 -0.52186644]]
[[-0.05681697 -0.06573244  0.86075377  4.          1.27184105  0.
   0.          0.        ]]
[[-0.02860792  0.0321706   0.76815057  4.          0.41670132  0.
   0.          0.        ]][[-0.11555203  0.01996006  0.76815057  3.94114041  0.41670132  0.
  -0.98100001  0.        ]]
[[-0.1328747  -0.05678811  0.76815057  3.7841804   0.41670132  0.
  -1.96200001  0.        ]]
[[-0.18663132  0.02882855  0.76815057  3.52912068  0.41670132  0.
  -2.9429996   0.        ]]
[[-0.17208059  0.05635545  0.76815057  3.17596078  0.41670132  0.
  -3.92399907  0.        ]]
[[-0.08444728  0.14113986  0.76815057  2.72470069  0.41670132  0.
  -4.90499878  0.        ]]
[[-0.0223925   0.18302637  0.76815057  2.17534089  0.41670132  0.
  -5.88599825  0.        ]]
[[-0.01668592  0.17107941  0.76815057  1.52788115  0.41670132  0.
  -6.86699772  0.        ]]
[[-0.05174232  0.10561123  0.76815057  0.78232145  0.41670132  0.
  -7.84799719  0.        ]]
[[-0.0541829   0.1918785   0.76837373  0.34335017  0.50958681 -0.16339432
  -0.35679686  1.6366291 ]]
[[-0.10962394  0.24997281  0.7520349   0.24881053  0.6732502  -0.16339432
  -1.33779693  1.6366291 ]]
[[-0.05539109  0.26472169  0.74087834  0.10806632  0.86097765 -0.0594619
  -1.24434876  2.07624221]]
[[-0.09220563  0.18130714  0.75000596  0.06742334  1.12605429  0.02266349
  -0.97736531  2.477988  ]]
[[-0.00482609  0.22813931  0.75845027 -0.01785541  1.40472317  0.0719013
  -1.345577    2.71609116]]
[[-0.04610585  0.24360995  0.76564097 -0.21127319  1.676332    0.0719013
  -2.32657695  2.71609116]]
[[ 0.02713723  0.25681463  0.76835561 -0.37668622  1.99677062  0.04617111
  -1.76234591  3.11123371]]
[[ 0.11107882  0.25073501  0.73199296 -0.38806999  2.38945818 -0.07233825
  -1.69438362  3.07210279]]
[[ 0.09718443  0.2518779   0.72072625 -0.58779645  2.70265746 -0.13012712
  -2.14932775  3.13287926]]
[[ 0.17978208  0.23621419  0.68174434 -0.78615975  3.05868435 -0.14406428
  -3.03159809  3.13979673]]
[[ 0.01829356  0.01465897 -1.39661837  4.         -0.62973118  0.
   0.          0.        ]]
[[0.05092171 0.06380346 0.89017653 4.         0.02678776 0.
  0.         0.        ]][[ 0.08578276  0.15022254  0.89017653  3.94114041  0.02678776  0.
  -0.98100001  0.        ]]
[[ 0.04641651  0.17241773  0.89017653  3.7841804   0.02678776  0.
  -1.96200001  0.        ]]
[[ 0.00480341  0.13246284  0.89017653  3.52912068  0.02678776  0.
  -2.9429996   0.        ]]
[[-0.07177918  0.15527669  0.89017653  3.17596078  0.02678776  0.
  -3.92399907  0.        ]]
[[-0.01316015  0.12882356  0.89017653  2.72470069  0.02678776  0.
  -4.90499878  0.        ]]
[[-4.82881116e-03  4.20265384e-02  8.90176535e-01  2.17534089e+00
   2.67877579e-02  0.00000000e+00 -5.88599825e+00  0.00000000e+00]]
[[ 0.02371929  0.12936951  0.89017653  1.52788115  0.02678776  0.
  -6.86699772  0.        ]]
[[-0.06372152  0.18547572  0.89017653  0.78232145  0.02678776  0.
  -7.84799719  0.        ]]
[[-0.10145225  0.15896101  0.94895339  0.39906955  0.1958518   0.9785406
  -1.15542173  2.81800508]]
[[-0.02132251  0.10418486  1.06034207  0.44268131  0.51680088  0.9846341
  -0.66537267  2.92792463]]
[[-0.05770522  0.01605139  1.16651225  0.44153786  0.82537651  1.04612505
  -0.20918418  3.06045914]]
[[ 0.03247495 -0.06805394  1.25962996  0.81939769  1.07333565  0.86729777
   0.41165379  2.59996033]]
[[ 0.11403917 -0.11531997  1.27842069  1.22048831  1.26179695  0.70151466
   0.73953766  2.45438361]]
[[ 0.02894311 -0.15425703  1.34857297  1.23558211  1.50723505  0.70151466
  -0.24146236  2.45438361]]
[[ 0.02299079 -0.20131451  1.4039433   1.44232249  1.67138863  0.59543931
   0.88386899  1.98181808]]
[[ 0.03802389 -0.22568735  1.44865537  1.67207336  1.78711247  0.53298783
   0.87715185  1.6916548 ]]
[[ 0.02825707 -0.25112176  1.48901343  1.84762502  1.88555598  0.49385181
   0.48599893  1.50659394]]
[[ 0.10574596 -0.26548085  1.51043534  2.12819219  2.02218604  0.53222609
  -0.18754645  1.45739233]]
[[ 0.09641595 -0.26585972  1.56649852  2.05711007  2.17096519  0.55585665
  -1.10942888  1.46770895]]
[[ 0.07705506 -0.26292878  1.6250217   1.89643502  2.31841755  0.62496191
  -1.87766528  1.48671198]]
[[ 0.0945965  -0.17742451  1.68751836  1.64980817  2.46708822  0.62496191
  -2.85866475  1.48671198]]
[[ 0.15981331 -0.2586661   1.75486445  1.35418081  2.63781738  0.67406934
  -3.35344434  1.70495903]]
[[ 0.24213424 -0.25359818  1.82227254  0.95997643  2.80831289  0.67406934
  -4.33444405  1.70495903]]
[[ 0.2582058  -0.24994633  1.88968062  0.46767211  2.9788084   0.67406934
  -5.31544352  1.70495903]]
[[-0.04713923  0.06075635  1.44907355  4.          1.11978006  0.
   0.          0.        ]]
[[ 2.22771312e-03  3.59923691e-02 -3.99836302e-01  4.00000000e+00
  -7.79474735e-01  0.00000000e+00  0.00000000e+00  0.00000000e+00]][[-0.00447511  0.04332004 -0.3998363   3.94114041 -0.77947474  0.
  -0.98100001  0.        ]]
[[-0.03553589  0.01969522 -0.3998363   3.7841804  -0.77947474  0.
  -1.96200001  0.        ]]
[[-0.0470786   0.10667321 -0.3998363   3.52912068 -0.77947474  0.
  -2.9429996   0.        ]]
[[-0.1051205   0.04702196 -0.3998363   3.17596078 -0.77947474  0.
  -3.92399907  0.        ]]
[[-1.76999476e-02  1.42354518e-04 -3.99836302e-01  2.72470069e+00
  -7.79474735e-01  0.00000000e+00 -4.90499878e+00  0.00000000e+00]]
[[-0.04396027 -0.06043705 -0.3998363   2.17534089 -0.77947474  0.
  -5.88599825  0.        ]]
[[ 0.01285956 -0.05936338 -0.3998363   1.52788115 -0.77947474  0.
  -6.86699772  0.        ]]
[[-0.0751726   0.02681929 -0.3998363   0.78232145 -0.77947474  0.
  -7.84799719  0.        ]]
[[-0.05849275  0.03505639 -0.3161962   0.69023323 -0.6841073   0.96040684
  -0.19555481  1.17381644]]
[[-0.02810547 -0.04231549 -0.22015524  0.6118176  -0.56672573  0.96040684
  -1.1765548   1.17381644]]
[[-9.21229795e-02  3.19173560e-04 -1.07353449e-01  6.26651287e-01
  -4.56551552e-01  1.09883893e+00 -2.04739109e-01  1.08854544e+00]]
[[-0.08656582  0.06554152  0.02052093  0.65353179 -0.34086704  1.22411549
  -0.36735836  1.13565207]]
[[-0.12281756 -0.02128435  0.14404702  0.57487845 -0.22729731  1.28684759
  -0.72603631  1.12776756]]
[[-0.20905198  0.06419721  0.30036426  0.54287362 -0.11697483  1.49982059
  -0.82644457  1.0725708 ]]
[[-0.25984478  0.05094799  0.45871472  0.43162179 -0.00956011  1.71245456
  -1.15788579  1.09372234]]
[[-0.17477255  0.07558431  0.67521262  0.37507653  0.11585665  2.09555006
  -0.9760226   1.24791026]]
[[-0.25978094  0.04905521  0.88476825  0.21861434  0.24064732  2.09555006
  -1.95702267  1.24791026]]
[[-0.25953549  0.10611077  1.09771228 -0.02194858  0.36615229  2.26390171
  -2.23724318  1.28290999]]
[[-0.17469886  0.11709715  1.42539001 -0.02186108  0.55095577  2.6356647
  -1.35988581  1.4936434 ]]
[[-0.09058783  0.02877374  1.76459813  0.22308564  0.74265671  2.51501441
  -0.54872537  1.44766617]]
[[-0.04092652 -0.0477692   2.05859637  0.49884701  0.87633944  2.5694654
  -0.08267096  1.40058613]]
[[-0.08896548 -0.0397442   2.31554246  0.43172002  1.01639819  2.5694654
  -1.06367099  1.40058613]]
[[-1.74551964e-01 -6.94031885e-04  2.57248855e+00  2.66492844e-01
   1.15645647e+00  2.56946540e+00 -2.04467106e+00  1.40058613e+00]]
[[-0.2566503   0.08696078  2.82943463  0.00316572  1.29651499  2.5694654
  -3.02567053  1.40058613]]
[[-0.0242698   0.08140323  1.1304996   4.         -1.46354437  0.
   0.          0.        ]]
[[-0.04294091 -0.08206411 -0.60237503  4.          0.42521143  0.
   0.          0.        ]][[-0.05894209 -0.02821019 -0.60237503  3.94114041  0.42521143  0.
  -0.98100001  0.        ]]
[[ 0.00591071 -0.11549076 -0.60237503  3.7841804   0.42521143  0.
  -1.96200001  0.        ]]
[[ 0.08125896 -0.11430518 -0.60237503  3.52912068  0.42521143  0.
  -2.9429996   0.        ]]
[[ 0.05651075 -0.20033631 -0.60237503  3.17596078  0.42521143  0.
  -3.92399907  0.        ]]
[[ 0.11029939 -0.18492176 -0.60237503  2.72470069  0.42521143  0.
  -4.90499878  0.        ]]
[[ 0.0770952  -0.10668374 -0.60237503  2.17534089  0.42521143  0.
  -5.88599825  0.        ]]
[[ 0.09499223 -0.12308632 -0.60237503  1.52788115  0.42521143  0.
  -6.86699772  0.        ]]
[[ 0.00901336 -0.17755271 -0.60237503  0.78232145  0.42521143  0.
  -7.84799719  0.        ]]
[[-0.06570716 -0.174042   -0.50787783  0.8040235   0.24827719  0.89700931
  -0.69782859 -1.55571818]]
[[-0.15229672 -0.25031775 -0.37791324  0.85926366  0.01283121  0.86631584
  -1.24855828 -1.63748169]]
[[-0.13691546 -0.16633098 -0.28444195  0.69625354 -0.15801096  1.1017468
  -1.48333514 -1.88398623]]
[[-0.05091137 -0.15555976 -0.16606641  0.54045749 -0.35639429  1.27038491
  -1.32183516 -2.12452435]]
[[-0.13454746 -0.07466082 -0.00576234  0.53861022 -0.60740328  1.50630081
  -0.77510351 -2.4082408 ]]
[[-0.14190349 -0.16023636  0.14486814  0.4022398  -0.8482275   1.50630081
  -1.75610352 -2.4082408 ]]
[[-0.20045733 -0.2062436   0.29549861  0.16776943 -1.08905172  1.50630081
  -2.73710322 -2.4082408 ]]
[[-0.20259142 -0.12187067  0.52214742  0.08880877 -1.37845802  1.85252762
  -1.46726584 -2.54951119]]
[[-0.24356757 -0.04639363  0.80324101  0.13083887 -1.64480019  1.98430765
  -1.22834098 -2.34721065]]
[[-0.21145405 -0.03807613  1.05569053  0.07966328 -1.88438368  2.29063416
  -1.1671207  -2.34186506]]
[[-0.13119021 -0.12906751  1.28475356 -0.09590888 -2.11857033  2.29063416
  -2.14812064 -2.34186506]]
[[-0.1473697  -0.08661443  1.54037499 -0.24658322 -2.36568356  2.56557775
  -1.21586967 -2.44896889]]
[[-0.20102622 -0.06833747  1.79693246 -0.42703032 -2.61057949  2.56557775
  -2.19686961 -2.44896889]]
[[-0.24825031 -0.01484227  2.05348992 -0.70557714 -2.85547638  2.56557775
  -3.17786908 -2.44896889]]
[[ 0.02894263  0.06622748 -1.04515934  4.          0.14599609  0.
   0.          0.        ]]
[[ 0.04214073 -0.02488402 -0.43891191  4.         -1.1079073   0.
   0.          0.        ]][[-2.18220497e-03  1.10841068e-02 -4.38911915e-01  3.94114041e+00
  -1.10790730e+00  0.00000000e+00 -9.81000006e-01  0.00000000e+00]]
[[-0.08931291  0.09792774 -0.43891191  3.7841804  -1.1079073   0.
  -1.96200001  0.        ]]
[[-0.07272663  0.01114008 -0.43891191  3.52912068 -1.1079073   0.
  -2.9429996   0.        ]]
[[ 0.01427938  0.04677747 -0.43891191  3.17596078 -1.1079073   0.
  -3.92399907  0.        ]]
[[ 0.03215389  0.09173127 -0.43891191  2.72470069 -1.1079073   0.
  -4.90499878  0.        ]]
[[ 0.0770879   0.00653947 -0.43891191  2.17534089 -1.1079073   0.
  -5.88599825  0.        ]]
[[ 0.08484843 -0.08040398 -0.43891191  1.52788115 -1.1079073   0.
  -6.86699772  0.        ]]
[[ 0.17059085 -0.12067855 -0.43891191  0.78232145 -1.1079073   0.
  -7.84799719  0.        ]]
[[ 0.08375534 -0.182252   -0.44481492  0.10142946 -1.16295433 -0.28860736
  -0.68867415 -2.75022984]]
[[ 0.13915215 -0.09762754 -0.51104736  0.17374301 -1.47559738 -0.34692597
  -0.65904319 -2.69644475]]
[[ 0.11373781 -0.06173034 -0.58917713  0.24856615 -1.77285337 -0.51379609
  -0.47957081 -2.80222011]]
[[ 0.11643784 -0.14793818 -0.64055634  0.14174914 -2.05307484 -0.51379609
  -1.46057081 -2.80222011]]
[[ 0.20233366 -0.06306358 -0.72006965  0.02406001 -2.33846045 -0.92306131
  -0.76627082 -2.75296688]]
[[ 0.21651395 -0.00393711 -0.92953157  0.19462061 -2.6178093  -1.02591419
  -0.86538166 -2.48801231]]
[[ 0.1311871  -0.03807415 -1.03212309  0.04922247 -2.866611   -1.02591419
  -1.84638166 -2.48801231]]
[[ 0.02807606 -0.06900769 -1.30794382  4.          0.44236374  0.
   0.          0.        ]]
[[-0.04347646  0.04447602 -0.49045706  4.          0.05199099  0.
   0.          0.        ]][[ 0.04379457 -0.02930307 -0.49045706  3.94114041  0.05199099  0.
  -0.98100001  0.        ]]
[[ 0.13063225 -0.06472879 -0.49045706  3.7841804   0.05199099  0.
  -1.96200001  0.        ]]
[[ 0.21629518 -0.10269044 -0.49045706  3.52912068  0.05199099  0.
  -2.9429996   0.        ]]
[[ 0.21575233 -0.01768012 -0.49045706  3.17596078  0.05199099  0.
  -3.92399907  0.        ]]
[[ 0.26529586  0.03065187 -0.49045706  2.72470069  0.05199099  0.
  -4.90499878  0.        ]]
[[ 0.17661466  0.11186275 -0.49045706  2.17534089  0.05199099  0.
  -5.88599825  0.        ]]
[[ 0.14572665  0.02417018 -0.49045706  1.52788115  0.05199099  0.
  -6.86699772  0.        ]]
[[ 0.16166279  0.06288821 -0.49045706  0.78232145  0.05199099  0.
  -7.84799719  0.        ]]
[[ 0.16570608  0.11783906 -0.61897326  0.42384768  0.07520008 -2.14676762
  -0.7763887   0.38596076]]
[[ 0.1945004   0.08431635 -0.83402562  0.29800487  0.11419106 -2.18496585
  -1.39576018  0.41270721]]
[[ 0.25912955  0.14178668 -1.05252194  0.09956884  0.15546179 -2.18496585
  -2.37676001  0.41270721]]
[[ 0.17921779  0.05244907 -1.36841488  0.09130573  0.24836111 -2.76138949
  -1.12348199  0.73014754]]
[[ 0.16810641  0.05852783 -1.6760118   0.01115727  0.33225775 -3.02878261
  -1.16541111  0.82146573]]
[[ 0.18851137 -0.02647898 -1.98651755 -0.13038039  0.41508579 -3.19433403
  -1.4171201   0.82516015]]
[[ 0.22007217 -0.03302723 -2.30595064 -0.33095229  0.49760151 -3.19433403
  -2.39811993  0.82516015]]
[[ 2.26570114e-01 -2.91378284e-03 -2.62538385e+00 -6.29624248e-01
   5.80117702e-01 -3.19433403e+00 -3.37911940e+00  8.25160146e-01]]
[[ 0.19947051  0.01656043 -2.94481754 -1.02639627  0.6626339  -3.19433403
  -4.36011887  0.82516015]]
[[ 0.04541324 -0.03214261  1.30846763  4.         -0.45439148  0.
   0.          0.        ]]
[[ 0.02106821 -0.06932025 -0.22841644  4.         -1.0859828   0.
   0.          0.        ]][[ 0.03397747 -0.0591317  -0.22841644  3.94114041 -1.0859828   0.
  -0.98100001  0.        ]]
[[ 0.12034327  0.01634834 -0.22841644  3.7841804  -1.0859828   0.
  -1.96200001  0.        ]]
[[ 0.20680963 -0.06053814 -0.22841644  3.52912068 -1.0859828   0.
  -2.9429996   0.        ]]
[[ 0.25943005 -0.04449067 -0.22841644  3.17596078 -1.0859828   0.
  -3.92399907  0.        ]]
[[ 1.73854858e-01  8.66916089e-04 -2.28416443e-01  2.72470069e+00
  -1.08598280e+00  0.00000000e+00 -4.90499878e+00  0.00000000e+00]]
[[ 0.17407241  0.08670627 -0.22841644  2.17534089 -1.0859828   0.
  -5.88599825  0.        ]]
[[ 1.98608458e-01  1.64529309e-03 -2.28416443e-01  1.52788115e+00
  -1.08598280e+00  0.00000000e+00 -6.86699772e+00  0.00000000e+00]]
[[ 0.11280558 -0.06681636 -0.22841644  0.78232145 -1.0859828   0.
  -7.84799719  0.        ]]
[[ 0.02595676 -0.07233508 -0.29397488  0.39936948 -1.12409925 -1.50719166
   0.02307057 -0.56472093]]
[[-0.06179484 -0.1579331  -0.44875503  0.3488462  -1.18172741 -1.53903735
  -0.91193527 -0.57029206]]
[[-0.09527535 -0.16538794 -0.5960803   0.32869387 -1.27479362 -1.43098092
  -0.06691413 -1.05584204]]
[[-0.02651362 -0.14443259 -0.73917794  0.26314259 -1.38037777 -1.43098092
  -1.04791415 -1.05584204]]
[[-0.0552348  -0.15801516 -0.87519765  0.24145651 -1.51682091 -1.33814728
  -0.3067669  -1.42226994]]
[[ 0.03140477 -0.11351152 -1.00970387  0.16894579 -1.66115189 -1.35787559
  -0.75517619 -1.49447775]]
[[-0.05199385 -0.02608052 -1.11329889  0.59977674 -1.86456251 -1.18015087
   0.04514738 -1.53232682]]
[[-0.13884456 -0.02961867 -1.18312669  0.83521342 -2.04233551 -1.08263743
   0.21419951 -1.67297578]]
[[-0.05237223 -0.06585754 -1.29139018  0.79777336 -2.20963287 -1.08263743
  -0.76680052 -1.67297578]]
[[ 0.03486312 -0.01744236 -1.39965367  0.66223335 -2.37693024 -1.08263743
  -1.74780059 -1.67297578]]
[[ 0.12180334  0.00798682 -1.50791717  0.42859316 -2.54422712 -1.08263743
  -2.7288003  -1.67297578]]
[[ 1.08795404e-01  2.23189639e-03 -1.63492918e+00  2.02416658e-01
  -2.73493767e+00 -1.53514838e+00 -1.14668274e+00 -2.23057318e+00]]
[[ 0.12929393 -0.00824548 -1.78844416  0.02888823 -2.95799446 -1.53514838
  -2.12768269 -2.23057318]]
[[ 0.07996651 -0.05016522  0.57536626  4.          0.51617527  0.
   0.          0.        ]]
[[-0.03821602 -0.05856851 -0.93655443  4.          0.09176064  0.
   0.          0.        ]][[-0.02897109 -0.14531119 -0.93655443  3.94114041  0.09176064  0.
  -0.98100001  0.        ]]
[[-0.07054681 -0.20120122 -0.93655443  3.7841804   0.09176064  0.
  -1.96200001  0.        ]]
[[ 0.01499202 -0.2554085  -0.93655443  3.52912068  0.09176064  0.
  -2.9429996   0.        ]]
[[ 0.02408943 -0.24838547 -0.93655443  3.17596078  0.09176064  0.
  -3.92399907  0.        ]]
[[ 0.06146168 -0.26427704 -0.93655443  2.72470069  0.09176064  0.
  -4.90499878  0.        ]]
[[ 0.05484595 -0.26447752 -0.93655443  2.17534089  0.09176064  0.
  -5.88599825  0.        ]]
[[ 0.12094905 -0.19701616 -0.93655443  1.52788115  0.09176064  0.
  -6.86699772  0.        ]]
[[ 0.19980687 -0.10665848 -0.93655443  0.78232145  0.09176064  0.
  -7.84799719  0.        ]]
[[ 0.19324723 -0.12291152 -1.04755592  0.23594761  0.0200243  -2.7736187
  -1.39633107 -1.79389775]]
[[ 0.17235278 -0.20915169 -1.32901764  0.07442689 -0.16487741 -2.75961399
  -1.95440674 -1.79925323]]
[[ 0.17855966 -0.18288924 -1.60213208 -0.11896038 -0.34761333 -2.71357512
  -1.87018859 -1.84515893]]
[[ 0.20979981 -0.13827111 -1.87348938 -0.3648392  -0.53212929 -2.71357512
  -2.85118818 -1.84515893]]
[[ 0.12232748 -0.05932252 -2.27152157 -0.0734961  -0.76850271 -2.55674958
  -0.83595729 -1.67482698]]
[[ 0.10125005 -0.04776561 -2.56995583 -0.01650882 -0.95273209 -2.7322011
  -0.72366482 -1.74668658]]
[[ 0.04281363 -0.13923512 -2.86157036 -0.03113246 -1.14442682 -2.78862739
  -1.16419542 -1.79677725]]
[[ 0.08570548  0.02576694 -0.27928782  4.          0.18451929  0.
   0.          0.        ]]
[[-0.01635752  0.03012218  0.0131526   4.          1.04185343  0.
   0.          0.        ]][[ 4.70461586e-04  1.17116705e-01  1.31525993e-02  3.94114041e+00
   1.04185343e+00  0.00000000e+00 -9.81000006e-01  0.00000000e+00]]
[[-0.05860918  0.03003033  0.0131526   3.7841804   1.04185343  0.
  -1.96200001  0.        ]]
[[ 0.02521551 -0.05656281  0.0131526   3.52912068  1.04185343  0.
  -2.9429996   0.        ]]
[[ 0.11169112 -0.01461335  0.0131526   3.17596078  1.04185343  0.
  -3.92399907  0.        ]]
[[ 0.02312214  0.07087218  0.0131526   2.72470069  1.04185343  0.
  -4.90499878  0.        ]]
[[-0.00926998  0.15680814  0.0131526   2.17534089  1.04185343  0.
  -5.88599825  0.        ]]
[[ 0.07639772  0.17659073  0.0131526   1.52788115  1.04185343  0.
  -6.86699772  0.        ]]
[[-0.00992571  0.20788461  0.0131526   0.78232145  1.04185343  0.
  -7.84799719  0.        ]]
[[-0.04908665  0.16146871  0.00726843  0.27916813  1.10567665 -0.15013523
  -0.31461981  1.59160316]]
[[-0.04003758  0.15152682 -0.00572515  0.2343657   1.27194166 -0.11669147
  -0.51927477  1.7030201 ]]
[[ 0.00519771  0.06637134 -0.01117826  0.3943131   1.4895997  -0.12327413
  -0.24882679  1.85268354]]
[[ 0.04859951  0.05175937 -0.02890682  0.41967368  1.69252396 -0.17427328
  -0.23203887  2.01011562]]
[[ 0.132459    0.14069557 -0.04633403  0.33760977  1.89353514 -0.17427328
  -1.21303892  2.01011562]]
[[ 0.15147914  0.1195396  -0.06376123  0.15744591  2.09454679 -0.17427328
  -2.19403887  2.01011562]]
[[ 0.11673224  0.03249031 -0.19371581  0.38550591  2.35078621 -0.67819434
  -0.31764793  2.2172389 ]]
[[ 0.2021561   0.06656259 -0.26153517  0.29488111  2.57250953 -0.67819434
  -1.298648    2.2172389 ]]
[[ 0.25178245  0.15213004 -0.32935452  0.10615635  2.79423285 -0.67819434
  -2.27964783  2.2172389 ]]
[[ 0.22631997  0.20746316 -0.39717388 -0.18066835  3.01595616 -0.67819434
  -3.2606473   2.2172389 ]]
